&title=结构实验室 / Synthetic Chart
&artist=Demo fixture — NOT a real song
&des=Programmatic test fixture
&first=1.25
&first_4=0.5
&lv_4=10
&lv_5=13+
&inote_4=
(140){8}
1,,5,,2,,6,,
1,,5,,2,,6,,
1,,5,,2,,6,,
1,,5,,2,,6,,
1,,5,,2,,6,,
1,,5,,2,,6,,
1,,5,,2,,6,,
1,,5,,2,,6,,
1,,5,,2,,6,,
1,,5,,2,,6,,
1,,5,,2,,6,,
1,,5,,2,,6,,
1,,5,,2,,6,,
1,,5,,2,,6,,
1,,5,,2,,6,,
1,,5,,2,,6,,
1,,5,,2,,6,,
1,,5,,2,,6,,
1,,5,,2,,6,,
1,,5,,2,,6,,
1,,5,,2,,6,,
1,,5,,2,,6,,
1,,5,,2,,6,,
1,,5,,2,,6,,
1,,5,,2,,6,,
1,,5,,2,,6,,
1,,5,,2,,6,,
1,,5,,2,,6,,
1,,5,,2,,6,,
1,,5,,2,,6,,
1,,5,,2,,6,,
1,,5,,2,,6,,
1,5,2,6,3,7,4,8,
1,5,2,6,3,7,4,8,
1,5,2,6,3,7,4,8,
1,5,2,6,3,7,4,8,
1,5,2,6,3,7,4,8,
1,5,2,6,3,7,4,8,
1,5,2,6,3,7,4,8,
1,5,2,6,3,7,4,8,
1,5,2,6,3,7,4,8,
1,5,2,6,3,7,4,8,
1,5,2,6,3,7,4,8,
1,5,2,6,3,7,4,8,
1,5,2,6,3,7,4,8,
1,5,2,6,3,7,4,8,
1,5,2,6,3,7,4,8,
1,5,2,6,3,7,4,8,
1-5[4:1],,2,,5-1[4:1],,6,,
1-5[4:1],,2,,5-1[4:1],,6,,
1-5[4:1],,2,,5-1[4:1],,6,,
1-5[4:1],,2,,5-1[4:1],,6,,
1-5[4:1],,2,,5-1[4:1],,6,,
1-5[4:1],,2,,5-1[4:1],,6,,
1-5[4:1],,2,,5-1[4:1],,6,,
1-5[4:1],,2,,5-1[4:1],,6,,
E
&inote_5=
(180){8}
|| 合成测试谱：用于展示分析器，不对应真实曲目，没有人工验证的真实定数。
{8}
1,5,2,6,3,7,4,8,
1,5,2,6,3,7,4,8,
1,5,2,6,3,7,4,8,
1,5,2,6,3,7,4,8,
1,5,2,6,3,7,4,8,
1,5,2,6,3,7,4,8,
1,5,2,6,3,7,4,8,
1,5,2,6,3,7,4,8,
{16}
1,5,1,5,1,5,1,5,1,5,1,5,1,5,1,5,
1,5,1,5,1,5,1,5,1,5,1,5,1,5,1,5,
1,5,1,5,1,5,1,5,1,5,1,5,1,5,1,5,
1,5,1,5,1,5,1,5,1,5,1,5,1,5,1,5,
1,5,1,5,1,5,1,5,1,5,1,5,1,5,1,5,
1,5,1,5,1,5,1,5,1,5,1,5,1,5,1,5,
1,5,1,5,1,5,1,5,1,5,1,5,1,5,1,5,
1,5,1,5,1,5,1,5,1,5,1,5,1,5,1,5,
{16}
2,2,2,2,2,2,2,2,7,7,7,7,7,7,7,7,
2,2,2,2,2,2,2,2,7,7,7,7,7,7,7,7,
2,2,2,2,2,2,2,2,7,7,7,7,7,7,7,7,
2,2,2,2,2,2,2,2,7,7,7,7,7,7,7,7,
2,2,2,2,2,2,2,2,7,7,7,7,7,7,7,7,
2,2,2,2,2,2,2,2,7,7,7,7,7,7,7,7,
2,2,2,2,2,2,2,2,7,7,7,7,7,7,7,7,
2,2,2,2,2,2,2,2,7,7,7,7,7,7,7,7,
{16}
1,2,3,4,5,6,7,8,1,2,3,4,5,6,7,8,
1,2,3,4,5,6,7,8,1,2,3,4,5,6,7,8,
1,2,3,4,5,6,7,8,1,2,3,4,5,6,7,8,
1,2,3,4,5,6,7,8,1,2,3,4,5,6,7,8,
1,2,3,4,5,6,7,8,1,2,3,4,5,6,7,8,
1,2,3,4,5,6,7,8,1,2,3,4,5,6,7,8,
1,2,3,4,5,6,7,8,1,2,3,4,5,6,7,8,
1,2,3,4,5,6,7,8,1,2,3,4,5,6,7,8,
{8}
1/5,2/6,3/7,4/8,1/8,2/7,3/6,4/5,
1/5,2/6,3/7,4/8,1/8,2/7,3/6,4/5,
1/5,2/6,3/7,4/8,1/8,2/7,3/6,4/5,
1/5,2/6,3/7,4/8,1/8,2/7,3/6,4/5,
1/5,2/6,3/7,4/8,1/8,2/7,3/6,4/5,
1/5,2/6,3/7,4/8,1/8,2/7,3/6,4/5,
1/5,2/6,3/7,4/8,1/8,2/7,3/6,4/5,
1/5,2/6,3/7,4/8,1/8,2/7,3/6,4/5,
{4}
1-5[4:3]/7,2,6,3,
1-5[4:3]/7,2,6,3,
1-5[4:3]/7,2,6,3,
1-5[4:3]/7,2,6,3,
1-5[4:3]/7,2,6,3,
1-5[4:3]/7,2,6,3,
1-5[4:3]/7,2,6,3,
1-5[4:3]/7,2,6,3,
{4}
1-4q7[2:1],2,5V31[2:1],6,
1-4q7[2:1],2,5V31[2:1],6,
1-4q7[2:1],2,5V31[2:1],6,
1-4q7[2:1],2,5V31[2:1],6,
1-4q7[2:1],2,5V31[2:1],6,
1-4q7[2:1],2,5V31[2:1],6,
1-4q7[2:1],2,5V31[2:1],6,
1-4q7[2:1],2,5V31[2:1],6,
{8}
C,B1/B2,3,E4,C,B5/B6,7,D8,
C,B1/B2,3,E4,C,B5/B6,7,D8,
C,B1/B2,3,E4,C,B5/B6,7,D8,
C,B1/B2,3,E4,C,B5/B6,7,D8,
C,B1/B2,3,E4,C,B5/B6,7,D8,
C,B1/B2,3,E4,C,B5/B6,7,D8,
C,B1/B2,3,E4,C,B5/B6,7,D8,
C,B1/B2,3,E4,C,B5/B6,7,D8,
(150)
{12}
1,5,2,6,3,7,4,8,1,5,2,6,
1,5,2,6,3,7,4,8,1,5,2,6,
1,5,2,6,3,7,4,8,1,5,2,6,
1,5,2,6,3,7,4,8,1,5,2,6,
1,5,2,6,3,7,4,8,1,5,2,6,
1,5,2,6,3,7,4,8,1,5,2,6,
1,5,2,6,3,7,4,8,1,5,2,6,
1,5,2,6,3,7,4,8,1,5,2,6,
(200)
{16}
1,8,2,7,3,6,4,5,1,8,2,7,3,6,4,5,
1,8,2,7,3,6,4,5,1,8,2,7,3,6,4,5,
1,8,2,7,3,6,4,5,1,8,2,7,3,6,4,5,
1,8,2,7,3,6,4,5,1,8,2,7,3,6,4,5,
1,8,2,7,3,6,4,5,1,8,2,7,3,6,4,5,
1,8,2,7,3,6,4,5,1,8,2,7,3,6,4,5,
1,8,2,7,3,6,4,5,1,8,2,7,3,6,4,5,
1,8,2,7,3,6,4,5,1,8,2,7,3,6,4,5,
{4}
1-5[4:1]*-6[4:1],7,5-1[0.15##0.6]/3,8,
1-5[4:1]*-6[4:1],7,5-1[0.15##0.6]/3,8,
1-5[4:1]*-6[4:1],7,5-1[0.15##0.6]/3,8,
1-5[4:1]*-6[4:1],7,5-1[0.15##0.6]/3,8,
1-5[4:1]*-6[4:1],7,5-1[0.15##0.6]/3,8,
1-5[4:1]*-6[4:1],7,5-1[0.15##0.6]/3,8,
1-5[4:1]*-6[4:1],7,5-1[0.15##0.6]/3,8,
1-5[4:1]*-6[4:1],7,5-1[0.15##0.6]/3,8,
{8}
1x,5,2b,6,3hx[8:1],7,4,8,
1x,5,2b,6,3hx[8:1],7,4,8,
1x,5,2b,6,3hx[8:1],7,4,8,
1x,5,2b,6,3hx[8:1],7,4,8,
1x,5,2b,6,3hx[8:1],7,4,8,
1x,5,2b,6,3hx[8:1],7,4,8,
1x,5,2b,6,3hx[8:1],7,4,8,
1x,5,2b,6,3hx[8:1],7,4,8,
E
